<?xml version="1.0"?>
<opencv_storage>
<calibration_time>"So 02 Sep 2018 15:56:23 CEST"</calibration_time>
<rms>8.2363867284943126e-01</rms>
<camera_matrix type_id="opencv-matrix">
  <rows>3</rows>
  <cols>3</cols>
  <dt>d</dt>
  <data>
    2.5395002772469789e+02 -2.0610203248628500e+00
    9.3306842990694315e+02 0. 2.5547345711567905e+02
    4.8605888484324078e+02 0. 0. 1.</data></camera_matrix>
<distortion_coefficients type_id="opencv-matrix">
  <rows>1</rows>
  <cols>4</cols>
  <dt>d</dt>
  <data>
    3.9119649782740074e+00 -2.8121114042164086e+00
    4.6748095194489997e-03 8.4764958312341242e-04</data></distortion_coefficients>
<xi type_id="opencv-matrix">
  <rows>1</rows>
  <cols>1</cols>
  <dt>d</dt>
  <data>
    1.7645716776811426e+00</data></xi>
<extrinsic_parameters type_id="opencv-matrix">
  <rows>11</rows>
  <cols>6</cols>
  <dt>d</dt>
  <data>
    1.3076762451804709e+00 -3.2911948482394077e-01
    2.3002501044422830e+00 6.4639808910593233e-01
    -2.5709596106292120e-03 -2.3235290584365548e-02
    -2.0099395464559469e+00 2.9175766135802111e-02
    -2.4726491871614078e+00 4.9435091451096891e-01
    2.0345695536759953e-01 -7.7640049972586708e-02
    1.3880265872010273e+00 -7.4554925475225686e-01
    1.5995920183257122e+00 4.0464466684597589e-01
    -2.4328302587436879e-01 -6.0610983584201451e-02
    1.3676390339976752e+00 -7.1804012670207551e-01
    1.6069460842243142e+00 3.9918084843182450e-01
    -2.5043789852895310e-01 -6.2489224241679547e-02
    8.0072768110437997e-01 -4.6170174489160687e-01
    1.4881894263905666e+00 2.7920982694794605e-01
    -3.7934718169730425e-01 -3.0756316040142089e-04
    7.7560212691175934e-01 -4.2872454543799754e-01
    1.4680028939711796e+00 2.6599813121474497e-01
    -3.8599786608636016e-01 -2.3221874157188598e-03
    6.7613855098009590e-01 -5.5417448465637609e-01
    1.5913476538481466e+00 3.2620309420639687e-01
    -3.7709667238922251e-01 3.2504337265221998e-02
    4.3701793221954549e-01 -1.3357750978883824e+00
    4.7910825012130831e-01 -2.4443128334335743e-01
    -3.5283134362161339e-01 -5.3936854998986782e-02
    3.4760115645639239e-01 -1.3025069733818098e+00
    4.5763517928600184e-01 -2.6049974290837374e-01
    -3.5283960968209449e-01 -5.2243335022554356e-02
    2.7474309102390199e-01 -1.2187068663492302e+00
    4.5108085941890652e-01 -2.7820730302916152e-01
    -3.5531371322830546e-01 -4.8507660309498421e-02
    1.0347987916657532e-01 -8.5681061507124001e-01
    2.6892819054064093e-01 -2.6228318145499813e-01
    -2.8854118951072105e-01 -2.4264112438479490e-02</data></extrinsic_parameters>
</opencv_storage>
