<?xml version="1.0"?>
<opencv_storage>
<calibration_time>"Do 20 Sep 2018 17:25:33 CEST"</calibration_time>
<rms>6.0684336285618790e-01</rms>
<camera_matrix type_id="opencv-matrix">
  <rows>3</rows>
  <cols>3</cols>
  <dt>d</dt>
  <data>
    1.0615978696186257e+02 6.2694380729836352e-01 3.0891316400288218e+02
    0. 1.0627750410815952e+02 2.1510045057020409e+02 0. 0. 1.</data></camera_matrix>
<distortion_coefficients type_id="opencv-matrix">
  <rows>1</rows>
  <cols>4</cols>
  <dt>d</dt>
  <data>
    3.6961455613210084e+00 -2.4384021278505434e+00
    5.4994035077698565e-03 1.0362209649475488e-02</data></distortion_coefficients>
<xi type_id="opencv-matrix">
  <rows>1</rows>
  <cols>1</cols>
  <dt>d</dt>
  <data>
    1.7225057604713927e+00</data></xi>
<extrinsic_parameters type_id="opencv-matrix">
  <rows>31</rows>
  <cols>6</cols>
  <dt>d</dt>
  <data>
    1.1366060324595308e+00 -5.0789938016246028e-01
    -5.2602066047003138e-01 -4.3376991123146635e-01
    -1.6687725832497805e-01 -6.3970807991805032e-02
    -7.0381518890703432e-01 -9.3734218014933490e-01
    1.5638717992876958e+00 -3.4821190286463433e-01
    -8.8988797727847679e-02 7.8660724528742912e-02
    -6.9409259129900902e-01 -9.1269868298627310e-01
    1.5786984680555669e+00 -3.4924495302348646e-01
    -8.3602155212519833e-02 8.0840691737101719e-02
    -8.3439436483260532e-01 -7.8685090697374549e-01
    1.3679259190751183e+00 -3.3968226022766601e-01
    -1.5225192494427400e-02 1.1478331307517647e-01
    -9.6546544493312725e-01 -6.7785571824808000e-01
    1.3276290778785107e+00 -3.3586509003769244e-01
    1.1621293672606879e-02 1.1844404630595283e-01
    -9.4207540697830916e-01 -6.0917582220254463e-01
    1.2136330696663231e+00 -3.1784556435887634e-01
    5.3626159760434153e-02 1.1798851943286101e-01 1.4392142278153115e+00
    -1.9411067765759618e-01 3.3267606447043283e-02
    -4.8855832489178817e-02 -3.3112408536193294e-01
    -3.8029219555231614e-02 1.4133213089266798e+00
    -1.6087407828632933e-01 2.6381580406179224e-02
    -5.1987203501273588e-02 -3.3223456291319542e-01
    -4.3582878277588166e-02 1.2181163665248049e+00
    1.0741672807571379e-01 3.0331403594341327e-01 7.6259000993788337e-02
    -3.1269675656014884e-01 -6.4619484272155905e-03
    1.1405446165789617e+00 3.2655531047103331e-01 4.4068450849385182e-01
    1.2855555604836783e-01 -2.4954912556871861e-01
    5.2079251680486830e-03 1.1350760313090673e+00 4.0617533368473813e-01
    5.0589914346093312e-01 1.4723593569849575e-01
    -2.4300897680842345e-01 3.9988044222190773e-03
    1.1945354653240527e+00 4.2899771111364926e-01 5.2366557093946708e-01
    1.5990845032693310e-01 -2.2597112044994183e-01
    -9.6619422111303178e-03 1.2404020446460269e+00
    5.1306645689201047e-01 6.0897961516739174e-01 1.7893052689177710e-01
    -2.2395239731764932e-01 -1.4234476952693276e-02
    1.2585883882291524e+00 5.4092002693012564e-01 6.3622194045348401e-01
    1.8505494168982126e-01 -2.2054343345025604e-01
    -1.5565132487788624e-02 1.2350186804459551e+00
    5.8144151623292328e-01 7.0238865214962931e-01 1.9700891659035735e-01
    -2.2012381468832079e-01 -1.4257480841017314e-02
    1.2291500462478260e+00 5.9442415571240192e-01 7.2049669164218522e-01
    2.0260018180180592e-01 -2.1608264988947098e-01
    -1.2960829573034530e-02 1.1584009571901670e+00
    6.0658643943462498e-01 7.7606215806290713e-01 2.1949393327735747e-01
    -2.1099026503569382e-01 -6.8769229833038677e-03
    1.1202202862988775e+00 6.2583601933750066e-01 8.1090787636941963e-01
    2.2814549212891269e-01 -2.0899656178426404e-01
    -4.1996421691258166e-03 1.0779691875291324e+00
    6.4180281051132115e-01 8.3823075061378971e-01 2.3933131096888471e-01
    -2.0515319139757382e-01 -5.4903632276152555e-04
    1.0739702226107839e+00 6.6069057774480267e-01 8.5018743159614096e-01
    2.4376706668488077e-01 -2.0256489225583524e-01
    2.1036768105010882e-03 1.1000652564497608e+00 7.0340713289207435e-01
    8.8619269853998450e-01 2.5278349988661736e-01
    -1.8931524368033781e-01 7.0079705890789285e-03
    1.1973873668623529e+00 7.1519777615441127e-01 1.0390356165087749e+00
    2.7663015365058030e-01 -1.4868935518020682e-01
    2.2328513150564583e-02 1.2045726573521887e+00 7.0314408665386430e-01
    1.0284329730107484e+00 2.7899590355574538e-01
    -1.4594821825010387e-01 2.3232687935288609e-02
    -1.2425602775260554e+00 9.3574949942328262e-02
    3.8685893982114215e-02 -1.7216685989979193e-04
    1.9171677043769189e-01 1.0895881739086348e-01
    -1.2547829279538225e+00 9.8213506276226867e-02
    4.2657271807664952e-02 9.3538966412975847e-05 1.9067500648605765e-01
    1.0633002056150645e-01 -1.3485012879752631e+00
    1.5211840512876584e-01 1.8666982424948138e-02 1.0286100105851923e-03
    1.9935543222646623e-01 1.0687681333561821e-01
    -1.3156449481857357e+00 1.1156266695927695e-01
    4.2053461841224181e-02 2.4864206980601019e-03 1.8875048008936299e-01
    9.3711824986630762e-02 -1.1696780354344094e+00
    8.2023477537603723e-02 -1.9267938963813734e-03
    5.3006203834187653e-03 1.8810082764488711e-01 1.0237092662045694e-01
    -1.1850823561530921e+00 7.6463158873746606e-01
    -7.8071147086939829e-01 1.9285766877852858e-01
    1.1627407916116705e-01 9.3761962806388738e-02 1.0574641323140406e+00
    1.1394607454320562e+00 1.4668896908731444e+00 2.6707811019513911e-01
    -1.2738557541062207e-01 -3.5716205351756639e-02
    9.8689037367698196e-01 1.0227253294378484e+00 1.5226857881761491e+00
    2.7095350096229692e-01 -1.0629852843822329e-01
    7.7655245326219025e-03</data></extrinsic_parameters>
</opencv_storage>
