<?xml version="1.0"?>
<opencv_storage>
<calibration_time>"Di 21 Aug 2018 12:58:06 CEST"</calibration_time>
<rms>1.3924108758773890e+00</rms>
<camera_matrix type_id="opencv-matrix">
  <rows>3</rows>
  <cols>3</cols>
  <dt>d</dt>
  <data>
    8.4590831944119898e+01 0. 3.1063136747732489e+02 0.
    8.8071114798439723e+01 2.1295805614776819e+02 0. 0. 1.</data></camera_matrix>
<distortion_coefficients type_id="opencv-matrix">
  <rows>1</rows>
  <cols>5</cols>
  <dt>d</dt>
  <data>
    -4.5205335318158117e-02 -1.4890255643150600e-02
    -1.6045136233509849e-03 -2.8831948770620865e-03
    2.2272741935162404e-03</data></distortion_coefficients>
<extrinsic_parameters type_id="opencv-matrix">
  <rows>54</rows>
  <cols>6</cols>
  <dt>d</dt>
  <data>
    9.3280164332005200e-01 3.7774686857165829e-01 1.2446229576664758e+00
    3.6563640702284944e-01 -1.1998831984239204e-01
    1.7957588545314834e-01 9.3660850312553223e-01 3.0627983791218649e-01
    1.2594391188968279e+00 3.5844532370946885e-01
    -1.0978068674618624e-01 1.6652045619943676e-01
    9.4046108428942954e-01 2.9757525090020565e-01 1.2477915246751641e+00
    3.5354189065236180e-01 -1.0997840863259725e-01
    1.6397156216272030e-01 1.0069547847962967e+00 3.6001387447890909e-01
    1.1222717939178011e+00 3.0981759811673037e-01
    -1.2121611585914965e-01 1.5095303536359309e-01
    1.0091577611969098e+00 3.9488291901943900e-01 1.1768033866026639e+00
    3.2733914471588338e-01 -1.1771744358743237e-01
    1.5888075803944265e-01 -6.9659880453055478e-01
    3.9590981506920542e-01 -9.8674322325801667e-01
    1.7973599428065412e-01 2.3559620459901051e-01 2.8306886421109184e-01
    -6.5634627279271052e-01 3.8107020753217619e-01
    -9.9284363162556355e-01 1.8098623714410397e-01
    2.3543905955161479e-01 2.8998691790687886e-01
    -6.0996796637033679e-01 3.3111161458256755e-01
    -9.9052894220381893e-01 1.7879617666307332e-01
    2.3547137492663528e-01 3.0597562880682394e-01 1.0466878645391127e+00
    5.5558282706007441e-02 3.3391977233431414e-01 4.3833355612028890e-02
    -2.3168432000932423e-01 1.0955113645718678e-01
    1.0476269604551409e+00 8.3654582674060118e-02 3.5421577737310428e-01
    4.8269118457811920e-02 -2.3545953867006117e-01
    1.0394870621049379e-01 1.0462824794271948e+00 5.1756756372713854e-02
    3.5184495698894114e-01 5.1817622194199504e-02
    -2.2587519816988971e-01 1.0278819201568803e-01
    1.0392905172139635e+00 3.0505509842963970e-02 3.4267504970157409e-01
    5.3206705869504059e-02 -2.2182732686129705e-01
    1.0481151177062670e-01 1.0371825869674749e+00 2.3231412542879581e-02
    3.5254924613753369e-01 5.8378047083094270e-02
    -2.2062110951218597e-01 1.0669099590663049e-01
    1.0323252012611501e+00 3.0715613971154951e-02 3.6537252094049605e-01
    5.9888638491099086e-02 -2.2139117574867612e-01
    1.0577293995459372e-01 1.0246782618545325e+00 2.8337498217809176e-02
    3.7346039565060613e-01 6.1568355996228910e-02
    -2.2233154783582901e-01 1.0515656020728609e-01
    1.0292157832889783e+00 2.0185730229314625e-01 4.9186464979339395e-01
    9.2344345594900235e-02 -2.3673512708636957e-01
    1.4584043349114365e-01 -1.0482754357835575e+00
    1.0347801726772385e-01 -1.0226687010215475e-01
    -6.4075219857846963e-02 2.3940100631943409e-01
    2.7175230551057761e-01 -9.9341835292719649e-01
    -3.7459771481610026e-02 -2.3935184090226460e-02
    -6.7741880128780796e-02 2.2726831572461806e-01
    2.7010508476022255e-01 -9.1394728357087074e-01
    -7.3527403973036032e-02 2.7862381128470764e-02
    -4.4264983541483255e-02 2.4610374256634260e-01
    2.8856754614214752e-01 -8.7575293760019302e-01
    -1.0937887444290544e-01 8.6910297296060743e-02
    -4.1094612996588030e-02 2.3071643196748692e-01
    2.8106544234559244e-01 -8.9331488817996763e-01
    -1.0791286098621468e-01 9.1683929024386560e-02
    -4.1272718619818877e-02 2.3141873489989881e-01
    2.8197650782936440e-01 -8.7905514539386276e-01
    -1.1785555530773772e-01 9.5449292911961914e-02
    -4.1853437787039399e-02 2.2890805097540229e-01
    2.7964610607831009e-01 -9.0903902422711824e-01
    -7.6058997770846043e-02 1.0965502830371832e-01
    -3.8021331118562991e-02 2.2815830430312886e-01
    2.7299216389686726e-01 -9.2686234557170799e-01
    -5.8565402947786942e-02 1.0453680934889496e-01
    -3.6515519559155322e-02 2.2948357396087773e-01
    2.7362562091408499e-01 -9.4306219427218652e-01
    -4.6485325873497033e-02 1.0022527539415201e-01
    -3.5990860622926307e-02 2.3145352910085379e-01
    2.7559280770061445e-01 -9.1146795835198013e-01
    -6.5922378111586521e-02 1.0726507171268483e-01
    -3.5449786954795420e-02 2.2693518404585311e-01
    2.7179601613182314e-01 -9.1927454018429877e-01
    -6.7680261298538130e-02 1.0605673042686314e-01
    -3.5232270656335059e-02 2.2644896235001133e-01
    2.7273342281945795e-01 -8.9811539072130075e-01
    -8.7592877009236639e-02 1.1317326909478659e-01
    -3.4920017381097151e-02 2.2365941679599105e-01
    2.7164918253208220e-01 -9.0163050157865909e-01
    -8.7928244159268060e-02 1.2199861601579022e-01
    -3.4163214535011685e-02 2.2213425761385625e-01
    2.7123321642335113e-01 -8.6611464769950497e-01
    -1.1651323630124619e-01 1.3477236369714954e-01
    -3.1705460520431779e-02 2.1926280792520358e-01
    2.6969268321057682e-01 -8.0180912175440922e-01
    -1.7132344702184971e-01 1.7876206878335224e-01
    -2.9445804880686259e-02 2.1836649465795718e-01
    2.6983792478606922e-01 -8.3313433133869341e-01
    -2.1263447620962375e-01 2.0654942565029291e-01
    -3.5538331855470472e-02 2.1797991560335686e-01
    2.7104217055699797e-01 -7.6866725386184942e-01
    -2.7347437619605725e-01 2.0942455273415991e-01
    -3.5926326151881051e-02 2.0854906319300895e-01
    2.6478929002136264e-01 -8.1705421500594577e-01
    -2.6636694467284888e-01 2.3398712265535390e-01
    -3.5589254947316830e-02 2.1604076030440977e-01
    2.7203030898619257e-01 -8.2001372060251398e-01
    -2.4868339787195867e-01 2.4245152441517442e-01
    -4.0247469483543755e-02 2.1720906695562192e-01
    2.6973558673415743e-01 -8.9419663076429734e-01
    -2.0575140843849582e-01 2.5916128016410794e-01
    -5.1956904389111901e-02 2.2136485155856830e-01
    2.6463472754740247e-01 5.6661350852695513e-01
    -3.6419868328470084e-01 -1.1153371274988415e+00
    -3.7532758378191761e-01 3.5734971230798724e-03
    1.6288788457933834e-01 6.1875616239091469e-01
    -3.9957952264925833e-01 -1.1009717311918508e+00
    -3.7638039518674199e-01 3.3922464684853792e-03
    1.6442479290746029e-01 6.7902185679703231e-01
    -2.4574581250048738e-01 -8.1448741625154997e-01
    -3.9104222878712414e-01 -8.0034918114166728e-02
    1.7950853238317901e-01 -1.0662579719653622e+00
    -2.1144716717739209e-01 7.3377892449333915e-01
    -2.6454699758961903e-01 3.9103296696624566e-02
    2.6578546313582219e-01 -1.0349349865753521e+00
    -3.8148962977262152e-01 1.0444216913326807e+00
    -3.0086892417054062e-01 1.8233420071244139e-02
    2.7774079790315276e-01 -1.0463405558314050e+00
    -4.3068018353315990e-01 1.0928806885962470e+00
    -3.0805925821490315e-01 1.9190632108609051e-02
    2.8088775872074878e-01 -1.0252143013986226e+00
    -5.1555881958673333e-01 1.1301002847189596e+00
    -3.1039349168579961e-01 1.5626321309336080e-02
    2.7774454711382590e-01 -5.7239181031409725e-01
    -2.8982324536945170e-01 1.2650072253481577e+00
    -1.7443445547547212e-01 -7.3781323104934404e-02
    1.8614384504068499e-01 -5.4659608154173001e-01
    -2.8523774443729788e-01 1.2812714491400725e+00
    -1.7273188254539523e-01 -7.1060189895934198e-02
    1.8436179870029898e-01 -6.3427461583622924e-01
    -3.2886584346493702e-01 1.2473035096434273e+00
    -1.7997410696063607e-01 -6.8398346523106182e-02
    1.9945740040749479e-01 -6.3999615685678546e-01
    -3.3066122464065784e-01 1.2442894517363619e+00
    -1.7946687230652009e-01 -6.7925143114734812e-02
    2.0006537078562628e-01 -6.4677589645380895e-01
    -3.3345973159187070e-01 1.2423311239284007e+00
