<?xml version="1.0"?>
<opencv_storage>
<m_oPlotTimeStamps type_id="opencv-matrix">
  <rows>521</rows>
  <cols>1</cols>
  <dt>d</dt>
  <data>
    1.5378783113766158e+09 1.5378783118206697e+09 1.5378783119213996e+09
    1.5378783120124989e+09 1.5378783121042645e+09 1.5378783121848679e+09
    1.5378783122755303e+09 1.5378783123560946e+09 1.5378783124366486e+09
    1.5378783125273178e+09 1.5378783126078973e+09 1.5378783126985445e+09
    1.5378783127791483e+09 1.5378783128698738e+09 1.5378783129606121e+09
    1.5378783130411816e+09 1.5378783131318481e+09 1.5378783132124641e+09
    1.5378783133031077e+09 1.5378783133937917e+09 1.5378783134743118e+09
    1.5378783135650072e+09 1.5378783136556597e+09 1.5378783137464070e+09
    1.5378783138269627e+09 1.5378783139176834e+09 1.5378783140086498e+09
    1.5378783140994909e+09 1.5378783141800549e+09 1.5378783142707546e+09
    1.5378783143513806e+09 1.5378783144430344e+09 1.5378783145338867e+09
    1.5378783146244698e+09 1.5378783147053888e+09 1.5378783147962539e+09
    1.5378783148768198e+09 1.5378783149674892e+09 1.5378783150581372e+09
    1.5378783151487710e+09 1.5378783152393975e+09 1.5378783153199115e+09
    1.5378783154108527e+09 1.5378783155116367e+09 1.5378783156124678e+09
    1.5378783156930997e+09 1.5378783157838080e+09 1.5378783158643916e+09
    1.5378783159551322e+09 1.5378783160457554e+09 1.5378783161263187e+09
    1.5378783162170079e+09 1.5378783162975988e+09 1.5378783164291232e+09
    1.5378783165197999e+09 1.5378783166113217e+09 1.5378783167019677e+09
    1.5378783167925498e+09 1.5378783168731050e+09 1.5378783169638019e+09
    1.5378783170545356e+09 1.5378783171351390e+09 1.5378783172157073e+09
    1.5378783173368838e+09 1.5378783174275508e+09 1.5378783175081270e+09
    1.5378783175987525e+09 1.5378783176793203e+09 1.5378783177701435e+09
    1.5378783178514321e+09 1.5378783179426460e+09 1.5378783180231879e+09
    1.5378783181037309e+09 1.5378783181943820e+09 1.5378783182849836e+09
    1.5378783183656049e+09 1.5378783184462748e+09 1.5378783185369453e+09
    1.5378783186175241e+09 1.5378783187082849e+09 1.5378783187889271e+09
    1.5378783188796904e+09 1.5378783189602168e+09 1.5378783190508490e+09
    1.5378783191313758e+09 1.5378783192120619e+09 1.5378783193026617e+09
    1.5378783193832548e+09 1.5378783194739354e+09 1.5378783195645788e+09
    1.5378783196452000e+09 1.5378783197363899e+09 1.5378783198273396e+09
    1.5378783199179223e+09 1.5378783200091202e+09 1.5378783200997744e+09
    1.5378783201906044e+09 1.5378783202912652e+09 1.5378783203819284e+09
    1.5378783204725916e+09 1.5378783205632486e+09 1.5378783206539185e+09
    1.5378783207445970e+09 1.5378783208352492e+09 1.5378783209259627e+09
    1.5378783210065689e+09 1.5378783210974524e+09 1.5378783211880918e+09
    1.5378783212686446e+09 1.5378783213594065e+09 1.5378783214500561e+09
    1.5378783215406854e+09 1.5378783216318560e+09 1.5378783217124250e+09
    1.5378783218031120e+09 1.5378783218842630e+09 1.5378783219749677e+09
    1.5378783220658977e+09 1.5378783221465380e+09 1.5378783222371843e+09
    1.5378783223281186e+09 1.5378783224188943e+09 1.5378783224996073e+09
    1.5378783225906928e+09 1.5378783226713095e+09 1.5378783227619023e+09
    1.5378783228530188e+09 1.5378783229437339e+09 1.5378783230243428e+09
    1.5378783231151774e+09 1.5378783231958237e+09 1.5378783232865391e+09
    1.5378783233773348e+09 1.5378783234686205e+09 1.5378783235593183e+09
    1.5378783236499662e+09 1.5378783237406511e+09 1.5378783238318522e+09
    1.5378783239231129e+09 1.5378783240138454e+09 1.5378783240951824e+09
    1.5378783241858428e+09 1.5378783242664251e+09 1.5378783243571537e+09
    1.5378783244478490e+09 1.5378783245385334e+09 1.5378783246195109e+09
    1.5378783247104690e+09 1.5378783248012884e+09 1.5378783248924785e+09
    1.5378783249933779e+09 1.5378783250843241e+09 1.5378783251749716e+09
    1.5378783252657001e+09 1.5378783253563423e+09 1.5378783254470789e+09
    1.5378783255480661e+09 1.5378783256387208e+09 1.5378783257292554e+09
    1.5378783258198175e+09 1.5378783259205687e+09 1.5378783260216804e+09
    1.5378783261126316e+09 1.5378783262032602e+09 1.5378783263050094e+09
    1.5378783263958321e+09 1.5378783264964612e+09 1.5378783265870492e+09
    1.5378783266878619e+09 1.5378783267885368e+09 1.5378783268791370e+09
    1.5378783269798980e+09 1.5378783270806360e+09 1.5378783271713343e+09
    1.5378783272721553e+09 1.5378783273629198e+09 1.5378783274636855e+09
    1.5378783275543554e+09 1.5378783276550837e+09 1.5378783277466104e+09
    1.5378783278473420e+09 1.5378783279380040e+09 1.5378783280286248e+09
    1.5378783281294069e+09 1.5378783282199922e+09 1.5378783283207772e+09
    1.5378783284114261e+09 1.5378783285123565e+09 1.5378783286130745e+09
    1.5378783287042086e+09 1.5378783288050768e+09 1.5378783288956943e+09
    1.5378783289863110e+09 1.5378783290872014e+09 1.5378783291777971e+09
    1.5378783292687595e+09 1.5378783293594050e+09 1.5378783294499996e+09
    1.5378783295407386e+09 1.5378783296314085e+09 1.5378783297226665e+09
    1.5378783298033016e+09 1.5378783298939617e+09 1.5378783299847565e+09
    1.5378783300754342e+09 1.5378783301560783e+09 1.5378783302467387e+09
    1.5378783303375070e+09 1.5378783304283838e+09 1.5378783305090132e+09
    1.5378783305996885e+09 1.5378783306903484e+09 1.5378783307809937e+09
    1.5378783308615065e+09 1.5378783309520700e+09 1.5378783310325909e+09
    1.5378783311638041e+09 1.5378783312544796e+09 1.5378783313451369e+09
    1.5378783314357576e+09 1.5378783315172415e+09 1.5378783316079185e+09
    1.5378783316986229e+09 1.5378783317791848e+09 1.5378783318596828e+09
    1.5378783319503236e+09 1.5378783320410473e+09 1.5378783321317286e+09
    1.5378783322122564e+09 1.5378783323029521e+09 1.5378783323834934e+09
    1.5378783324742470e+09 1.5378783325651188e+09 1.5378783326558533e+09
    1.5378783327364752e+09 1.5378783328271003e+09 1.5378783329177999e+09
    1.5378783329987497e+09 1.5378783330895193e+09 1.5378783331702073e+09
    1.5378783332608452e+09 1.5378783333515184e+09 1.5378783334422276e+09
    1.5378783335228093e+09 1.5378783336134813e+09 1.5378783337043481e+09
    1.5378783337955353e+09 1.5378783338762391e+09 1.5378783339668868e+09
    1.5378783340575674e+09 1.5378783341482332e+09 1.5378783342293763e+09
    1.5378783343200727e+09 1.5378783344106705e+09 1.5378783345013807e+09
    1.5378783345920539e+09 1.5378783346827085e+09 1.5378783347733257e+09
    1.5378783348639853e+09 1.5378783349445493e+09 1.5378783350354092e+09
    1.5378783351260231e+09 1.5378783352166908e+09 1.5378783353074167e+09
    1.5378783353980908e+09 1.5378783354788225e+09 1.5378783355695305e+09
    1.5378783356601875e+09 1.5378783357510035e+09 1.5378783358319726e+09
    1.5378783359225752e+09 1.5378783360134354e+09 1.5378783360948787e+09
    1.5378783361854758e+09 1.5378783362761073e+09 1.5378783363667731e+09
    1.5378783364575121e+09 1.5378783365582621e+09 1.5378783366489010e+09
    1.5378783367396760e+09 1.5378783368204012e+09 1.5378783369115295e+09
    1.5378783370024197e+09 1.5378783370934079e+09 1.5378783371841469e+09
    1.5378783372747889e+09 1.5378783373655031e+09 1.5378783374461098e+09
    1.5378783375371275e+09 1.5378783376281953e+09 1.5378783377187946e+09
    1.5378783378094609e+09 1.5378783379002821e+09 1.5378783379909537e+09
    1.5378783380817735e+09 1.5378783381728086e+09 1.5378783382634313e+09
    1.5378783383541210e+09 1.5378783384447765e+09 1.5378783385354695e+09
    1.5378783386168482e+09 1.5378783387076118e+09 1.5378783387983546e+09
    1.5378783388890927e+09 1.5378783389809053e+09 1.5378783390619304e+09
    1.5378783391424098e+09 1.5378783392330568e+09 1.5378783393140538e+09
    1.5378783393950205e+09 1.5378783394857452e+09 1.5378783395664566e+09
    1.5378783396470749e+09 1.5378783397681456e+09 1.5378783398487403e+09
    1.5378783399404895e+09 1.5378783400211177e+09 1.5378783401118510e+09
    1.5378783401927743e+09 1.5378783402736075e+09 1.5378783403543644e+09
